83 317
80 361
83 408
87 457
93 505
110 551
142 588
181 614
228 626
281 623
334 607
383 581
419 541
441 491
455 438
465 384
472 330
110 267
130 244
162 240
195 247
223 264
267 267
303 250
344 244
385 255
413 283
241 298
237 326
233 354
228 383
201 420
216 426
233 429
251 427
268 425
140 303
160 293
185 293
205 310
183 313
158 312
299 314
324 299
349 299
370 311
350 318
324 318
181 503
197 482
217 470
232 477
249 473
274 487
302 510
273 526
248 531
230 531
213 528
196 520
193 502
217 492
232 494
249 494
288 508
247 505
231 504
215 502
