113 365
119 408
128 451
137 493
153 531
182 565
219 593
260 614
303 620
343 611
382 587
418 559
446 522
462 479
468 437
472 393
475 349
146 336
165 311
197 303
229 307
260 321
313 318
344 301
379 295
414 301
438 324
289 349
291 380
292 411
294 441
260 457
277 462
296 468
314 460
332 454
183 356
202 343
225 342
248 361
225 364
202 364
335 358
356 337
380 335
399 348
383 357
359 359
215 492
246 486
276 484
298 487
320 482
350 481
380 485
354 527
324 544
300 548
277 546
245 532
223 494
277 495
299 497
321 493
370 489
322 524
300 528
277 526
