476 113
476 123
477 133
479 143
482 151
488 159
495 166
503 171
513 172
521 171
527 166
532 159
535 151
537 143
539 135
541 127
542 118
488 110
495 107
502 108
509 109
515 113
524 114
529 112
535 110
540 110
543 115
519 120
519 126
520 133
520 139
510 141
514 142
518 144
521 143
525 142
496 118
500 116
505 117
509 120
504 120
499 120
524 121
529 118
533 118
536 120
533 122
529 122
501 149
508 148
513 148
517 149
520 148
524 149
527 150
523 155
519 157
516 157
512 156
507 154
503 149
513 149
517 150
520 150
525 150
520 153
516 153
513 153
707 319
707 326
708 333
711 340
715 347
720 354
725 359
731 364
737 366
746 366
756 363
766 359
774 352
780 342
782 332
782 320
781 309
707 306
709 302
714 302
719 302
724 304
735 303
742 299
749 297
757 297
764 301
729 310
729 316
729 323
728 329
725 334
728 335
731 335
735 334
739 333
713 313
715 310
720 310
724 313
720 314
715 314
742 311
746 307
751 307
755 309
751 310
747 311
725 345
727 342
730 341
733 341
736 340
743 341
751 343
744 349
738 351
735 351
732 351
728 349
727 345
731 343
733 343
736 343
749 343
737 347
734 347
731 347
221 242
221 247
222 253
223 258
225 263
228 268
231 271
235 274
240 275
245 274
249 272
253 269
257 264
259 259
260 254
261 248
261 242
224 237
225 232
229 230
233 229
238 231
241 231
245 229
250 230
254 233
256 237
239 236
239 240
239 244
239 248
235 251
237 252
239 253
242 252
244 251
229 237
230 235
233 235
235 238
233 238
230 238
244 238
247 235
249 235
251 238
249 238
247 238
232 260
235 258
237 258
239 258
242 258
245 258
247 260
245 262
242 263
240 263
237 263
235 262
234 260
237 259
240 260
242 259
246 260
242 260
239 260
237 260
204 147
204 159
206 170
208 180
212 189
219 198
225 206
232 212
241 214
249 212
257 205
263 198
269 189
273 180
275 171
277 161
278 150
212 149
218 146
225 146
232 149
238 152
248 153
254 149
260 147
267 147
272 151
243 159
243 166
243 174
243 181
234 181
238 182
242 184
247 183
251 181
220 156
224 156
229 157
232 159
228 159
224 159
252 160
256 158
260 157
264 158
261 160
257 160
226 186
232 187
239 187
242 188
246 187
252 187
257 187
252 195
246 199
242 200
238 199
232 195
228 187
238 189
242 190
246 189
256 188
246 195
242 196
238 195
46 296
45 309
44 322
44 334
46 346
52 356
61 365
70 371
80 375
90 374
98 369
105 363
112 356
116 348
121 341
124 333
127 325
69 298
78 294
88 293
97 296
104 302
113 305
119 304
126 305
131 309
130 316
106 312
105 318
104 325
103 331
91 334
95 336
98 338
102 339
105 338
77 306
83 305
88 307
92 311
87 311
82 309
110 317
115 315
119 316
122 320
118 320
114 319
75 345
84 344
91 344
95 346
98 346
102 349
102 353
98 357
94 358
90 358
86 357
80 353
77 346
90 346
94 347
97 348
100 352
95 354
92 354
88 353
