143 334
141 370
142 407
147 444
158 480
178 514
205 544
237 569
276 577
317 573
358 553
396 527
427 496
447 458
456 416
459 374
462 332
155 303
167 277
194 267
225 269
251 282
296 280
329 268
365 266
398 279
419 304
274 312
272 344
270 375
268 408
235 417
252 425
272 433
294 426
313 417
188 321
204 312
223 312
242 322
223 324
203 325
321 323
342 312
362 312
380 322
362 326
341 325
212 457
234 455
255 453
275 457
296 453
326 454
355 456
328 481
298 490
277 492
256 490
235 481
221 461
255 463
275 466
297 463
346 459
297 473
276 475
256 473
